x
-1 1
1 0.56199 44.536815
2 0.065067 7.906381
3 0.150727 0.740352
4 0.337 4.581
5 0.280622 0.970849
6 0.302 2.083
7 0.258729 0.976083
8 0.322 2.501
9 0.327371 0.976118
10 0.334 2.591
11 0.32844 0.973576
12 0.335 2.479
13 0.308209 1.379633
14 0.259 2.051
15 0.444426 1.462647
16 0.296 2.154
17 0.435381 1.360536
18 0.337 2.059
19 0.889254 47.764089
20 0.07398 9.442167
21 0.158153 0.734046
22 0.35 5.215
23 0.343577 0.946617
24 0.359 2.045
25 0.344083 0.983114
26 0.395 2.149
27 0.392112 0.972487
28 0.411 2.339
29 0.393893 0.97255
30 0.42 2.257
31 0.405959 1.337231
32 0.315 1.941
33 0.593025 1.519534
34 0.369 2.266
35 0.494889 1.337599
36 0.439 2.069
37 2.118036 140.074759
38 0.060538 7.753252
39 0.250676 0.8061160000000001
40 0.423 9.074999999999999
41 0.364039 0.9752690000000001
42 0.338 1.946
43 0.364462 0.987506
44 0.36 2.052
45 0.411204 0.982856
46 0.376 2.143
47 0.412028 0.981428
48 0.378 2.097
49 0.457258 1.385442
50 0.3 2.011
51 0.583195 1.52187
52 0.341 2.192
53 0.526547 1.370615
54 0.369 2.012
55 2.272674 119.061448
56 0.08100599999999999 10.19219
57 0.281504 0.781705
58 0.461 5.92
59 0.422252 0.991383
60 0.409 2.096
61 0.420952 1.003565
62 0.453 2.178
63 0.473054 0.996122
64 0.469 2.282
65 0.479611 0.994305
66 0.481 2.272
67 0.511108 1.395627
68 0.355 2.006
69 0.669585 1.55656
70 0.417 2.254
71 0.59814 1.383879
72 0.476 2.072
73 0.824606 14.055394
74 0.023087 3.624794
75 0.154166 0.742597
76 0.294 3.126
77 0.288683 0.996474
78 0.308 2.145
79 0.301336 0.999524
80 0.313 2.177
81 0.329881 0.993245
82 0.349 2.271
83 0.329934 0.9925929999999999
84 0.349 2.275
85 0.361392 1.425401
86 0.267 2.064
87 0.404854 1.424623
88 0.312 2.145
89 0.435149 1.383933
90 0.336 2.056
91 1.474906 13.072615
92 0.037604 2.131414
93 0.145497 0.6937219999999999
94 0.319 3.372
95 0.316342 0.9694700000000001
96 0.397 2.166
97 0.338046 0.9766820000000001
98 0.387 2.259
99 0.354322 0.9760529999999999
100 0.439 2.391
101 0.354502 0.9744930000000001
102 0.445 2.4
103 0.421283 1.381628
104 0.35 2.013
105 0.467533 1.402392
106 0.398 2.123
107 0.440268 1.36712
108 0.413 2.059
109 0.672612 43.832619
110 0.121343 8.125605999999999
111 0.258389 0.800172
112 0.409 10
113 0.382327 0.992005
114 0.371 2.031
115 0.376911 0.992521
116 0.332 2.074
117 0.419171 0.982196
118 0.386 2.094
119 0.42425 0.982424
120 0.394 2.095
121 0.46987 1.418597
122 0.299 2.06
123 0.604353 1.397558
124 0.345 2.103
125 0.507139 1.388087
126 0.376 2.08
127 0.6505649999999999 41.394728
128 0.104984 9.676758
129 0.245857 0.753258
130 0.436 4.601
131 0.453559 0.998737
132 0.43 2.26
133 0.454307 1.000027
134 0.405 2.269
135 0.475037 0.997292
136 0.456 2.314
137 0.476651 0.99869
138 0.457 2.342
139 0.570183 1.418058
140 0.379 2.108
141 0.700956 1.43699
142 0.441 2.245
143 0.640631 1.385389
144 0.461 2.141
145 0.848669 20.596817
146 0.024249 4.700567
147 0.139216 0.742464
148 0.312 3.243
149 0.276263 0.994696
150 0.288 2.124
151 0.290197 0.9962490000000001
152 0.299 2.187
153 0.314494 0.988823
154 0.322 2.291
155 0.31553 0.98836
156 0.322 2.283
157 0.350151 1.419001
158 0.252 2.061
159 0.396612 1.417212
160 0.291 2.145
161 0.410834 1.383278
162 0.298 2.069
163 1.561095 18.922266
164 0.041864 4.216424
165 0.145641 0.691188
166 0.337 3.878
167 0.290954 0.960932
168 0.35 2.111
169 0.318732 0.9715549999999999
170 0.364 2.273
171 0.337714 0.969442
172 0.396 2.375
173 0.340475 0.970364
174 0.394 2.388
175 0.377512 1.368159
176 0.322 1.992
177 0.447181 1.429191
178 0.363 2.153
179 0.407071 1.351295
180 0.353 2.065
181 0.798972 66.62892100000001
182 0.08579299999999999 6.290851
183 0.239953 0.794566
184 0.355 10
185 0.385089 0.99243
186 0.325 1.995
187 0.39934 0.992104
188 0.329 2.096
189 0.412196 0.983407
190 0.345 2.147
191 0.41253 0.982835
192 0.346 2.143
193 0.518662 1.41706
194 0.298 2.05
195 0.600715 1.416393
196 0.325 2.125
197 0.531992 1.389167
198 0.333 2.08
199 0.81436 55.462167
200 0.109859 6.326953
201 0.242317 0.756935
202 0.381 4.774
203 0.417523 0.995013
204 0.371 2.2
205 0.429694 0.995962
206 0.375 2.261
207 0.438359 0.997851
208 0.395 2.304
209 0.442263 0.998053
210 0.396 2.306
211 0.574605 1.410108
212 0.345 2.11
213 0.652713 1.44997
214 0.389 2.329
215 0.57935 1.377446
216 0.393 2.141
