x
-1 1
1 0.56199 44.536815
2 0.065067 7.906381
3 0.150727 0.740352
4 0.337 4.581
5 0.280622 0.970849
6 0.302 2.083
7 0.258729 0.976083
8 0.322 2.501
9 0.327371 0.976118
10 0.334 2.591
11 0.32844 0.973576
12 0.335 2.479
13 0.308209 1.379633
14 0.259 2.051
15 0.444426 1.462647
16 0.296 2.154
17 0.435381 1.360536
18 0.337 2.059
19 0.889254 47.764089
20 0.07398 9.442167
21 0.158153 0.734046
22 0.35 5.215
23 0.343577 0.946617
24 0.359 2.045
25 0.344083 0.983114
26 0.395 2.149
27 0.392112 0.972487
28 0.411 2.339
29 0.393893 0.97255
30 0.42 2.257
31 0.405959 1.337231
32 0.315 1.941
33 0.593025 1.519534
34 0.369 2.266
35 0.494889 1.337599
36 0.439 2.069
37 0 0.1886
38 0 0.185935
39 0.88771 10.061538
40 2.602149 170.025494
41 0.824606 14.055394
42 0.023087 3.624794
43 0.154166 0.742597
44 0.294 3.126
45 0.288683 0.996474
46 0.308 2.145
47 0.301336 0.999524
48 0.313 2.177
49 0.329881 0.993245
50 0.349 2.271
51 0.329934 0.9925929999999999
52 0.349 2.275
53 0.361392 1.425401
54 0.267 2.064
55 0.404854 1.424623
56 0.312 2.145
57 0.435149 1.383933
58 0.336 2.056
59 1.474906 13.072615
60 0.037604 2.131414
61 0.145497 0.6937219999999999
62 0.319 3.372
63 0.316342 0.9694700000000001
64 0.397 2.166
65 0.338046 0.9766820000000001
66 0.387 2.259
67 0.354322 0.9760529999999999
68 0.439 2.391
69 0.354502 0.9744930000000001
70 0.445 2.4
71 0.421283 1.381628
72 0.35 2.013
73 0.467533 1.402392
74 0.398 2.123
75 0.440268 1.36712
76 0.413 2.059
77 0.008560999999999999 0.022778
78 0.000115 0.026945
79 0.178486 46.594826
80 4.373432 2617.204197
81 0.848669 20.596817
82 0.024249 4.700567
83 0.139216 0.742464
84 0.312 3.243
85 0.276263 0.994696
86 0.288 2.124
87 0.290197 0.9962490000000001
88 0.299 2.187
89 0.314494 0.988823
90 0.322 2.291
91 0.31553 0.98836
92 0.322 2.283
93 0.350151 1.419001
94 0.252 2.061
95 0.396612 1.417212
96 0.291 2.145
97 0.410834 1.383278
98 0.298 2.069
99 1.561095 18.922266
100 0.041864 4.216424
101 0.145641 0.691188
102 0.337 3.878
103 0.290954 0.960932
104 0.35 2.111
105 0.318732 0.9715549999999999
106 0.364 2.273
107 0.337714 0.969442
108 0.396 2.375
109 0.340475 0.970364
110 0.394 2.388
111 0.377512 1.368159
112 0.322 1.992
113 0.447181 1.429191
114 0.363 2.153
115 0.407071 1.351295
116 0.353 2.065
117 0.008584 0.059716
118 0.00019 0.069873
119 1.149916 37.584672
120 6.490994 2085.499295
